00000000000010110000000000000000
00000000000011001100001000111101
00000000000011100001000011001101
00000000000011101101111011010010
00000000000011110010010001100011
00000000000011101101111011010010
00000000000011100001000011001101
00000000000011001100001000111101
00000000000010110000000000000000
00000000000010001101101101100001
00000000000001100110100101110110
00000000000000111100001001001101
00000000000000010000000000000000
11111111111111100011110110110010
11111111111110111001011010001001
11111111111110010010010010011110
11111111111101110000000000000000
11111111111101010011110111000010
11111111111100111110111100110010
11111111111100110010000100101101
11111111111100101101101110011100
11111111111100110010000100101101
11111111111100111110111100110010
11111111111101010011110111000010
11111111111101101111111111111111
11111111111110010010010010011110
11111111111110111001011010001001
11111111111111100011110110110010
00000000000000001111111111111111
00000000000000111100001001001101
00000000000001100110100101110110
00000000000010001101101101100001
00000000000010110000000000000000
00000000000011000011011001000000
00000000000011010001000111011111
00000000000011011000101001101110
00000000000011011001101101001010
00000000000011010100001111001101
00000000000011001000011101010011
00000000000010110110110100011100
00000000000010100000000000000000
00000000000010000100111000000101
00000000000001100110011111011011
00000000000001000110000000101111
00000000000000100100101011111011
00000000000000000011110010111011
11111111111111100100100110101001
11111111111111001000010011110100
11111111111110110000000000000000
11111111111110011100100110111111
11111111111110001110111000100000
11111111111110000111010110010001
11111111111110000110010010110101
11111111111110001011110000110010
11111111111110010111100010101100
11111111111110101001001011100011
11111111111110111111111111111111
11111111111111011011000111111010
11111111111111111001100000100100
00000000000000011001111111010000
00000000000000111011010100000100
00000000000001011100001101000100
00000000000001111011011001010110
00000000000010010111101100001011
00000000000100000000000000000000
00000000000100010101111001011010
00000000000100100100110011011110
00000000000100101100001001011110
00000000000100101011101001011001
00000000000100100011010100011100
00000000000100010011011111000110
00000000000011111100110000010100
00000000000011100000000000000000
00000000000010111110010100110111
00000000000010011001000001101111
00000000000001110001100010010111
00000000000001001001010111110110
00000000000000100010000100111110
11111111111111111101001010011010
11111111111111011100000010111100
11111111111111000000000000000000
11111111111110101010000110100101
11111111111110011011001100100001
11111111111110010011110110100001
11111111111110010100010110100110
11111111111110011100101011100011
11111111111110101100100000111001
11111111111111000011001111101011
11111111111111011111111111111111
00000000000000000001101011001000
00000000000000100110111110010000
00000000000001001110011101101000
00000000000001110110101000001001
00000000000010011101111011000001
00000000000011000010110101100101
00000000000011100011111101000011
00000000000000011011001100110011
00000000000000011101011110110110
00000000000000011111001111101110
00000000000000100000011011000111
00000000000000100000111110000111
00000000000000100000110111010111
00000000000000100000000111001001
00000000000000011110101111010011
00000000000000011100110011001100
00000000000000011010010111100111
00000000000000010111100010100010
00000000000000010100011010111010
00000000000000010001001000011010
00000000000000001101110011001000
00000000000000001010100011010000
00000000000000000111100000110010
00000000000000000100110011001100
00000000000000000010100001001001
00000000000000000000110000010001
11111111111111111111100100111000
11111111111111111111000001111000
11111111111111111111001000101000
11111111111111111111111000110110
00000000000000000001010000101100
00000000000000000011001100110011
00000000000000000101101000011000
00000000000000001000011101011101
00000000000000001011100101000101
00000000000000001110110111100101
00000000000000010010001100110111
00000000000000010101011100101111
00000000000000011000011111001101
00000000000000010001100110011001
00000000000000010010110100010101
00000000000000010011111011010110
00000000000000010100111000101101
00000000000000010101101010000010
00000000000000010110001101011101
00000000000000010110100001100110
00000000000000010110100101101101
00000000000000010110011001100110
00000000000000010101111101110000
00000000000000010101010011001110
00000000000000010100011011101011
00000000000000010011011001001110
00000000000000010010001110011010
00000000000000010000111110001001
00000000000000001111101011011110
00000000000000001110011001100110
00000000000000001101001011101010
00000000000000001100000100101001
00000000000000001011000111010010
00000000000000001010010101111101
00000000000000001001110010100010
00000000000000001001011110011001
00000000000000001001011010010010
00000000000000001001100110011001
00000000000000001010000010001111
00000000000000001010101100110001
00000000000000001011100100010100
00000000000000001100100110110001
00000000000000001101110001100101
00000000000000001111000001110110
00000000000000010000010100100001
00000000000000010001100110011001
00000000000000010011100000100010
00000000000000010100110010100011
00000000000000010101011001010100
00000000000000010101010011010100
00000000000000010100100000110011
00000000000000010011000011101101
00000000000000010000111111100111
00000000000000001110011001100110
00000000000000001011011000000010
00000000000000001000000010010110
00000000000000000100100000110010
00000000000000000000111011111111
11111111111111111101011100110000
11111111111111111010001011101010
11111111111111110111010000101111
11111111111111110100110011001100
11111111111111110010111001000100
11111111111111110001100111000010
11111111111111110001000000010010
11111111111111110001000110010001
11111111111111110001111000110010
11111111111111110011010101111000
11111111111111110101011001111110
11111111111111110111111111111111
11111111111111111011000001100100
11111111111111111110010111001111
00000000000000000001111000110100
00000000000000000101011101100111
00000000000000001000111100110110
00000000000000001100001101111100
00000000000000001111001000110110