00000000000000000000000000000000
00000000000000100010010010011110
00000000000001001001011010001001
00000000000001110011110110110010
00000000000010100000000000000000
00000000000011001100001001001101
00000000000011110110100101110110
00000000000100011101101101100001
00000000000101000000000000000000
00000000000101011100001000111101
00000000000101110001000011001101
00000000000101111101111011010010
00000000000110000010010001100011
00000000000101111101111011010010
00000000000101110001000011001101
00000000000101011100001000111101
00000000000101000000000000000000
00000000000100011101101101100001
00000000000011110110100101110110
00000000000011001100001001001101
00000000000010100000000000000000
00000000000001110011110110110010
00000000000001001001011010001001
00000000000000100010010010011110
00000000000000000000000000000000
11111111111111100011110111000010
11111111111111001110111100110010
11111111111111000010000100101101
11111111111110111101101110011100
11111111111111000010000100101101
11111111111111001110111100110010
11111111111111100011110111000010
00000000000000110000000000000000
00000000000001001011000111111010
00000000000001101001100000100100
00000000000010001001111111010000
00000000000010101011010100000100
00000000000011001100001101000100
00000000000011101011011001010110
00000000000100000111101100001011
00000000000100100000000000000000
00000000000100110011011001000000
00000000000101000001000111011111
00000000000101001000101001101110
00000000000101001001101101001010
00000000000101000100001111001101
00000000000100111000011101010011
00000000000100100110110100011100
00000000000100010000000000000000
00000000000011110100111000000101
00000000000011010110011111011011
00000000000010110110000000101111
00000000000010010100101011111011
00000000000001110011110010111011
00000000000001010100100110101001
00000000000000111000010011110100
00000000000000100000000000000000
00000000000000001100100110111111
11111111111111111110111000100000
11111111111111110111010110010001
11111111111111110110010010110101
11111111111111111011110000110010
00000000000000000111100010101100
00000000000000011001001011100011
11111111111111010000000000000000
11111111111111110001101011001000
00000000000000010110111110010000
00000000000000111110011101101000
00000000000001100110101000001001
00000000000010001101111011000001
00000000000010110010110101100101
00000000000011010011111101000011
00000000000011110000000000000000
00000000000100000101111001011010
00000000000100010100110011011110
00000000000100011100001001011110
00000000000100011011101001011001
00000000000100010011010100011100
00000000000100000011011111000110
00000000000011101100110000010100
00000000000011010000000000000000
00000000000010101110010100110111
00000000000010001001000001101111
00000000000001100001100010010111
00000000000000111001010111110110
00000000000000010010000100111110
11111111111111101101001010011010
11111111111111001100000010111100
11111111111110110000000000000000
11111111111110011010000110100101
11111111111110001011001100100001
11111111111110000011110110100001
11111111111110000100010110100110
11111111111110001100101011100011
11111111111110011100100000111001
11111111111110110011001111101011
00000000000000000001100110011001
00000000000000000100000001111110
00000000000000000110110111000100
00000000000000001001111110101100
00000000000000001101010001001100
00000000000000010000100110011110
00000000000000010011110110010101
00000000000000010110111000110011
00000000000000011001100110011001
00000000000000011011111000011100
00000000000000011101101001010101
00000000000000011110110100101110
00000000000000011111010111101101
00000000000000011111010000111110
00000000000000011110100000101111
00000000000000011101001000111001
00000000000000011011001100110011
00000000000000011000110001001101
00000000000000010101111100001000
00000000000000010010110100100000
00000000000000001111100010000000
00000000000000001100001100101110
00000000000000001000111100110110
00000000000000000101111010011001
00000000000000000011001100110011
00000000000000000000111010110000
11111111111111111111001001110111
11111111111111111101111110011110
11111111111111111101011011011110
11111111111111111101100010001110
11111111111111111110010010011100
11111111111111111111101010010011
11111111111111111100110011001100
11111111111111111101001111000011
11111111111111111101111001100100
11111111111111111110110001000111
11111111111111111111110011100100
00000000000000000000111110011000
00000000000000000010001110101010
00000000000000000011100001010100
00000000000000000100110011001100
00000000000000000110000001001001
00000000000000000111001000001001
00000000000000001000000101100000
00000000000000001000110110110101
00000000000000001001011010010000
00000000000000001001101110011010
00000000000000001001110010100000
00000000000000001001100110011001
00000000000000001001001010100011
00000000000000001000100000000010
00000000000000000111101000011110
00000000000000000110100110000001
00000000000000000101011011001110
00000000000000000100001010111100
00000000000000000010111000010001
00000000000000000001100110011001
00000000000000000000011000011101
11111111111111111111010001011100
11111111111111111110010100000110
11111111111111111101100010110000
11111111111111111100111111010101
11111111111111111100101011001100
11111111111111111100100111000101
11111111111111111100110011001100
11111111111111111111110100110001
00000000000000000011001010011100
00000000000000000110101100000001
00000000000000001010010000110100
00000000000000001101110000000011
00000000000000010001000001001000
00000000000000010011111100000011
00000000000000010110011001100110
00000000000000011000010011101110
00000000000000011001100101110000
00000000000000011010001100100000
00000000000000011010000110100001
00000000000000011001010100000000
00000000000000010111110110111010
00000000000000010101110010110100
00000000000000010011001100110011
00000000000000010000001011001110
00000000000000001100110101100011
00000000000000001001010011111110
00000000000000000101101111001011
00000000000000000010001111111100
11111111111111111110111110110111
11111111111111111100000011111100
11111111111111111001100110011001
11111111111111110111101100010001
11111111111111110110011010001111
11111111111111110101110011011111
11111111111111110101111001011110
11111111111111110110101011111111
11111111111111111000001001000101
11111111111111111010001101001011